33.0 12.25 11.4
33.0 12.25 7.0
33.0 6.75 7.0
33.0 3.5 9.409145872553673
33.36842105263158 12.25 11.492105263157896
33.36842105263158 12.25 7.0
33.36842105263158 6.25 7.0
33.36842105263158 3.0 9.278978711656128
33.73684210526316 12.25 11.58421052631579
33.73684210526316 12.25 7.0
33.73684210526316 5.75 7.0
33.73684210526316 2.75 8.966125875893395
33.73684210526316 2.75 9.20921052631579
34.10526315789474 12.25 11.676315789473685
34.10526315789474 12.25 7.0
34.10526315789474 5.0 7.0
34.10526315789474 2.75 8.405356587104519
34.10526315789474 2.75 9.301315789473685
34.473684210526315 12.25 11.76842105263158
34.473684210526315 12.25 7.0
34.473684210526315 4.5 7.0
34.473684210526315 2.75 7.9720973239303685
34.473684210526315 2.75 9.39342105263158
34.8421052631579 12.25 11.860526315789475
34.8421052631579 12.25 7.0
34.8421052631579 3.75 7.0
34.8421052631579 2.75 7.562674618504617
34.8421052631579 2.75 9.485526315789475
35.21052631578947 12.25 11.952631578947368
35.21052631578947 12.25 7.0
35.21052631578947 3.25 7.0
35.21052631578947 2.75 7.267205919876091
35.21052631578947 2.75 9.577631578947368
35.578947368421055 12.25 12.044736842105264
35.578947368421055 12.25 7.0
35.578947368421055 2.75 7.0
35.578947368421055 2.75 9.669736842105264
35.94736842105263 12.25 12.136842105263158
35.94736842105263 12.25 7.0
35.94736842105263 2.75 7.0
35.94736842105263 2.75 9.761842105263158
36.31578947368421 12.25 12.228947368421053
36.31578947368421 12.25 7.0
36.31578947368421 2.75 7.0
36.31578947368421 2.75 9.853947368421053
36.68421052631579 12.25 12.321052631578947
36.68421052631579 12.25 7.0
36.68421052631579 2.75 7.0
36.68421052631579 2.75 9.946052631578947
37.05263157894737 12.25 12.413157894736843
37.05263157894737 12.25 7.0
37.05263157894737 2.75 7.0
37.05263157894737 2.75 10.038157894736843
37.421052631578945 12.25 12.505263157894737
37.421052631578945 12.25 7.0
37.421052631578945 2.75 7.0
37.421052631578945 2.75 10.130263157894737
37.78947368421053 12.25 12.597368421052632
37.78947368421053 12.25 7.0
37.78947368421053 2.75 7.0
37.78947368421053 2.75 10.222368421052632
38.1578947368421 12.25 12.689473684210526
38.1578947368421 12.25 7.0
38.1578947368421 2.75 7.0
38.1578947368421 2.75 10.314473684210526
38.526315789473685 12.25 12.781578947368422
38.526315789473685 12.25 7.0
38.526315789473685 2.75 7.0
38.526315789473685 2.75 10.406578947368422
38.89473684210526 12.25 12.873684210526315
38.89473684210526 12.25 7.0
38.89473684210526 2.75 7.0
38.89473684210526 2.75 10.498684210526315
39.26315789473684 12.25 12.965789473684211
39.26315789473684 12.25 7.0
39.26315789473684 2.75 7.0
39.26315789473684 2.75 10.590789473684211
39.63157894736842 12.25 13.057894736842105
39.63157894736842 12.25 7.0
39.63157894736842 2.75 7.0
39.63157894736842 2.75 10.682894736842105
40.0 12.25 13.15
40.0 12.25 7.0
40.0 2.75 7.0
40.0 2.75 10.775
